88153.6265
896936.3672
30649.7766
9497482.6945
98909.2307
367413.6551
4599175.7278
965372.0247
89327.4315
6219450.5755
858775.9724
458185.7192
97043.2875
83117.3243
3548879.8774
4876637.9131
4251306.9643
644422.8704
84201.5226
38625.4420
53731.0984
6643080.6485
846440.4958
48669.3399
718800.9231
90721.6451
305133.8087
63639.4697
84007.3817
3129258.5311
21541.4588
7080526.1149
7647415.5844
6093269.9811
71341.6796
263132.8041
13184.7520
998983.0994
5408684.8761
533271.5419
27760.4024
905745.4337
41242.5981
630211.2069
69712.7296
1146131.4854
1043169.9792
3661.1083
4941200.1285
7804166.6258
344407.7874
99659.7484
42335.7772
374415.6641
28611.5268
2436652.3629
5478188.6643
376124.4860
6766754.5935
1143342.7739
285183.7208
4987415.5087
30247.0125
711737.6515
5093224.3216
6973880.3971
29015.6043
69067.8752
1841.9834
11228.1676
16570.7158
426462.7936
9252004.0309
5093.4880
134252.1706
30991.2594
3800.4456
99543.0258
1923254.5941
8552797.3746
8159.3028
8432701.1966
21191.0312
9935938.8704
684504.2370
478758.8360
857101.7937
4015545.6256
628808.5399
593098.3802
1588.6505
9582338.4325
2252865.3533
287700.0347
2458387.4973
319699.2021
4142163.0441
17041.9649
84948.8589
818824.0044
42356.6792
1980.4610
277949.7845
436260.4338
95373.3489
43913.1635
423550.5464
8698267.0893
147925.5527
3661049.2640
3154096.8921
3228402.6250
97513.2280
513843.0191
2064993.1844
33267.6018
49334.5680
5354948.8263
6795472.7992
4476688.9188
807845.1443
1271214.7006
42893.2690
907324.4698
27358.6255
783234.3819
9673712.1077
24181.9198
97234.8922
330455.6554
4269437.3907
11853.3423
28723.6108
113096.1509
4529.5820
9804.9741
5329736.5815
174180.6567
84145.6225
610876.1841
2042142.4060
37670.2911
7201629.4183
70733.8556
2022016.4000
769005.7009
14303.3398
22281.6241
829530.5490
39356.3317
6188970.7175
511259.3483
1289632.1873
250652.1171
7408617.9735
4706649.4554
35287.1591
926036.2918
5339407.5068
4919308.6680
15444.9227
58782.5313
80298.2386
94226.0314
490029.5148
262491.9382
3158262.5400
5409811.7729
2158184.1001
7118915.0475
39491.6669
308061.9349
477409.5592
4319.7309
564301.4259
886411.8681
9463070.2184
476591.1547
812055.4381
264860.5421
523807.7092
4591353.0911
34131.4435
87398.3651
38195.3244
6029728.4060
7481523.0577
4427054.6703
8046410.3318
32610.8574
610531.9005
34667.5773
9733288.1288
2621.6147
690821.5580
8722537.5464
91076.1821
7634944.6880
5995576.4507
15947.2089
5966474.7922
1503634.0889
788313.1796
8414060.8449
9228096.1980
2237655.8420
661987.9079
726003.2177
77014.0392
38234.0883
5460346.1210
18065.7476
6815774.3489
33593.1174
64380.6250
3378181.9934
54837.6091
962352.2873
753260.8143
49092.1557
21974.5037
334767.4787
93545.7286
77194.2899
3597708.8898
367949.2981
54814.3638
25018.8107
9727288.6871
86878.8652
1066924.8826
917541.0263
7400416.5759
27363.0396
505791.3162
18112.1431
656940.4183
615990.7315
87765.2313
9562.0981
62323.6241
9314445.9600
5768538.5622
58351.1384
72296.1151
9992364.1684
2357937.9371
4521369.6156
165149.7283
6863.9390
92264.0095
725562.7135
99890.8466
620471.6080
1123847.2283
78380.3819
5284286.1878
6248518.9113
270009.0757
4712696.6933
244291.4571
1211227.9608
806807.5889
5552417.8186
742160.8897
710090.6574
6386520.9899
878304.4942
4976709.2306
88624.0560
888362.9622
115770.9057
801829.3547
53907.0383
70563.5113
37290.4614
17495.6351
7883854.9539
23249.8825
552485.7338
2841189.9137
58493.7923
416353.5413
6761163.3464
712718.2648
861325.4112
553476.0081
655183.4088
15901.3825
95368.8280
7550782.9421
49017.5429
275328.4458
369535.9196
8620346.5423
19540.9880
644490.9922
77211.7958
1008515.0365
365259.1168
640866.5950
63181.9529
45676.9071
3883991.0958
323918.3588
419772.2962
6054870.9769
6972857.0664
296430.6977
7023178.5583
32422.4389
828260.5279
829211.1420
92921.8123
6360366.1525
8565908.1058
66547.2261
4834096.9782
138414.2250
31193.4129
5017292.2969
690079.9602
378101.2713
2368919.2924
45294.4656
48879.3637
949223.1025
61741.1079
6295904.3067
87493.0376
8917079.1885
721585.9015
7253815.4003
1712399.5521
84944.2050
20260.0661
792824.4282
2935.3255
878412.4612
297930.4610
412245.5602
50170.1304
153722.2170
470975.2736
82610.3713
22803.8566
226060.9179
764344.6539
767619.8174
9261792.6895
1172.6178
4403445.7993
2481.5666
953593.9516
76160.1541
2094674.4964
636479.0022
771486.1751
3948755.9832
69313.0817
4177474.2054
2823.9615
6686664.6998
35895.8671
54783.6508
72000.3401
6463570.3984
54258.1594
61666.4151
248974.3593
30406.2998
448781.6627
45065.1817
55593.2590
88802.4992
2611938.8886
791718.1462
357275.0125
545764.6720
375393.6026
1952.4478
2776068.9309
552343.4202
7566871.2425
103907.9447
9531411.0129
78293.3437
3878409.0821
546967.7500
7210666.8143
41281.9269
92243.5510
29635.8876
17058.5504
22853.5373
6230204.0709
69033.2976
2606.5354
63876.2421
7059896.4704
923459.7600
919256.1196
68480.6843
97666.0653
7063525.3251
92127.6173
1205161.3283
2266.3615
6286004.8535
66829.4546
53709.9864
193672.7118
744627.4061
784633.2298
87531.4715
919350.2603
75595.2998
52760.0180
902035.7273
7673.4636
91334.5103
3420757.5711
430002.8506
210802.5403
3196583.2677
159173.1499
363998.7579
59162.4599
6010365.8339
22314.1320
95785.1946
866805.1006
339040.7649
8061347.1337
370619.9247
2280126.2403
5417808.8342
2511728.9880
7462839.5423
73851.9942
3589354.7063
691180.9032
9415.6893
845082.0993
70007.2692
1503534.5084
7766.5580
26396.5383
310405.6321
85020.1960
960794.3254
444605.1675
7315422.2561
822057.4409
53390.7205
7346516.5033
7490385.3144
271854.5923
29332.3619
99913.6947
87711.3445
4033793.3365
26293.3841
13207.6664
2030353.6419
3777487.0222
3669696.6234
1936728.9452
250184.1766
9871913.0755
3686641.3664
8334.3559
82686.5557
3480000.7715
4898533.2026
112719.8738
78233.9117
4004078.6922
6275674.1788
80312.8193
9376280.3187
587353.3390
66007.9606
790889.7721
2312838.5544
16792.7693
93476.1318
3793599.3424
2981751.6842
417724.7755
8873342.7957
8008594.5241
23015.0497
2381321.9063
246458.0253
794890.4280
441608.2739
625405.9889
866421.7671
37277.1141
