8324.6222
5888.0934
1961.4283
6412.0296
7679.9076
9173.8280
1031.4693
4509.4765
6787.7710
5228.2947
6479.1193
9694.5124
9119.0453
4552.8908
6872.6773
1947.9505
6641.2170
2015.2599
5793.8559
3034.2933
6701.8611
918.4598
1035.9857
2042.5365
4941.7401
6526.5410
7090.9780
8241.0650
3278.3451
5017.1130
546.7103
8845.4167
9119.8511
9065.6526
7588.9439
6554.9552
4712.7749
879.9182
5401.2471
7741.2275
8274.0731
6410.1198
3817.8373
7871.6398
4560.9902
3258.8955
8616.9586
5739.3477
4857.4061
3913.2050
3354.4176
3819.3641
2733.4529
1350.5843
5023.2640
6421.2562
784.1178
7801.0584
9244.1329
3581.7423
7932.8762
8235.0847
4891.4699
8768.3516
1448.9116
8112.9097
2055.2142
6299.7485
70.8786
4258.3633
2943.9954
4451.4630
2375.5142
219.4554
5448.6220
7033.3759
4750.9860
8054.2446
2101.5708
8085.7710
1285.2270
5439.9143
5258.7386
2465.8927
9795.8308
9584.7368
8297.2465
2989.6340
9449.4047
7826.2667
1839.6752
5290.6740
8307.1813
3141.0493
7699.2227
4766.7357
5052.1773
69.4711
8331.2875
8922.4856
2105.8729
642.2615
8227.0250
7325.0605
3831.5655
2632.2933
8365.9179
2261.1969
7893.2772
4883.4760
4164.1490
5142.3780
418.5661
7538.1719
1508.3474
9918.1369
1998.6705
7074.3677
3464.0188
9435.6180
8194.4252
8662.4965
9993.6060
6588.8785
8455.8212
6944.5046
9785.1168
3832.8432
7297.6244
3836.5563
3066.3623
4170.5909
8720.3899
5885.3578
8622.3900
7029.8713
7261.4587
2673.6821
6415.9502
2320.0109
4289.7229
409.2673
2930.2130
8525.5889
6781.8111
766.3429
9693.1467
6146.5305
2507.1168
5213.3819
2835.6349
312.7004
9242.3754
4283.2215
2242.2553
4727.2177
6132.4242
1425.8094
1862.6978
6922.8549
6609.3204
7185.3838
8351.4263
668.3241
3995.7252
3337.0321
1015.9794
9274.4995
8258.9382
9088.2857
2371.4143
5967.7858
6448.5296
9815.5214
1401.2422
5333.4037
3451.0657
6374.2525
4789.2970
8668.1091
9907.4634
6055.6552
1224.4803
301.2962
6370.7091
416.5349
1629.3982
4430.9724
3627.4365
9577.3564
1403.8428
6173.4943
8807.0647
9642.3776
6167.2503
4689.4296
9746.7590
9149.5805
1842.5225
5464.9608
9715.9930
9066.7612
9164.2584
501.5751
4128.2828
5668.9893
8329.8253
8318.7673
2184.6865
2191.6569
1480.1053
6568.8653
4770.4831
5214.3730
518.2576
8982.6675
4541.3372
2024.5300
8170.7139
7828.4214
8439.1170
7897.0280
1472.9758
1191.6112
8136.1235
2412.1809
7765.0091
8007.1198
3091.3665
7912.8235
5992.3779
7832.4226
5820.2128
4029.1127
5261.5676
4321.2612
2585.6618
838.9872
5283.6726
2913.4139
4751.6541
5236.7284
385.9252
2787.7459
8496.8798
5333.9918
5638.2984
6844.1691
4231.0174
1910.4363
2737.1759
8121.5696
3428.4815
7221.1059
8189.2031
2624.4751
4085.8377
8034.8369
9430.7558
4220.6315
9937.2733
3959.6075
8279.9246
4901.7773
8623.0273
6343.9796
2178.3722
8680.6314
3783.3207
354.9205
9040.3667
654.7311
979.3262
1.0974
6711.4546
8315.5630
3083.3946
9075.2303
3086.9845
8881.4007
7597.8196
7382.8269
9574.2558
601.9964
8423.1609
1325.8422
9984.0441
605.7381
1030.9609
1679.0431
5247.6020
1762.7423
3948.4127
3617.9610
8675.2359
3189.8603
6888.7707
504.8242
3449.1793
1007.2768
286.5803
4824.4458
8765.2528
5045.7655
5946.4975
5924.7022
7815.5766
6395.1398
919.9426
9582.9946
7329.2952
4009.6879
4850.2866
6627.8219
8565.3256
8046.2570
8365.7286
4569.0159
6987.8353
6186.4374
5558.1178
3526.5584
5465.9771
2912.4887
2743.4734
2889.9654
6504.5349
5874.4194
2350.5761
9402.0072
3014.7202
2251.2089
9668.6245
2948.0227
4999.8447
837.6613
2795.9746
9426.5697
1494.1894
550.3270
8925.0675
8374.4027
8700.3072
4911.3418
9391.7169
7772.8238
2225.0298
2098.9932
6338.6573
1432.4162
1595.1995
5477.7604
748.8814
2270.2847
840.6875
9578.3980
138.4597
1105.1275
6848.9769
6104.1961
7853.5938
5820.9994
7654.2257
9782.7372
1061.7115
2431.7219
4790.9724
738.7142
7810.7575
5563.6813
8033.3589
8210.6845
7197.0311
2524.6990
6540.8005
8733.5656
9555.9935
2088.9591
4521.8952
2188.0919
7824.4318
7856.0348
9076.5467
2403.4001
8282.3193
6462.7618
1564.0538
1406.5938
9929.8269
1005.2590
336.5225
2675.1003
7728.6468
2133.4026
8219.6086
1687.9769
8176.8450
7762.6466
8155.5600
5645.9862
5728.9269
8048.9407
7027.9853
7111.0657
7270.6655
1735.2607
8223.8868
3873.0399
4380.0575
9837.0409
9990.8869
5026.5318
8633.2805
3235.2291
5569.1070
7820.7385
2903.8636
4168.2536
7868.6914
9179.2488
2993.0523
6844.7406
3123.7489
4178.2969
8519.7485
7111.2811
3453.0040
4136.3760
7815.6634
1163.5151
2065.0501
6982.9581
351.7091
822.1585
9123.3185
303.5569
8351.4657
1712.3347
1909.5645
6095.3496
826.3116
3819.8190
2715.4656
5111.0324
3314.4563
5743.9027
7323.6513
5961.1898
3318.8245
8558.9610
8028.8354
9942.7256
1926.3063
8714.6245
8028.9319
6968.9891
4859.1829
1586.2038
8169.1644
7304.8252
1243.6371
6201.6619
6784.7176
7076.6096
6212.3788
4226.9399
3813.6531
9097.1750
3591.1450
7020.3211
3406.0817
9290.8116
6629.8155
7396.2538
137.6126
4043.5572
4416.0052
9713.1009
550.3721
7154.4294
3147.5675
1355.8271
7976.5896
359.3092
9583.6770
4361.5327
1195.9924
4557.0385
8760.9888
7706.0375
7965.3673
1696.2536
7548.0682
597.3916
4097.2224
9713.8210
9220.4445
5220.3328
5013.1189
3835.7210
