3369388.6915
32422784.9202
9585374.6141
66889166.4562
271685.5928
8861664.5742
12155.2552
6175611.6173
65874.2359
43766.4445
66788.9583
68385.6389
4861096.8014
8604341.2028
94400.2518
863179.7713
3856443.7246
877859.6897
377920.3281
751260.9394
10196565.3469
369171.0629
414922.7912
118589.8582
69408062.5002
7780366.0143
19186666.9625
91038.5306
8414654.2537
82592.9016
12385.1043
289409.6625
78627.0456
904196.3917
74891.8684
560675.6139
737267.1551
1981667.7830
19274474.2198
69730.0197
46719976.7668
83244407.0903
99442.5676
1585424.1671
18148385.2485
87896001.2875
2519519.3821
77930474.0817
16726.8075
49720.6726
5143547.3156
89219915.1433
9320097.4558
5378797.2394
335067.2198
27579976.8831
97154618.6621
722674.0562
70693.4759
15923570.1441
89412.2223
31695.8111
60085.4573
986368.6087
65673058.5482
229854.4479
52403821.6124
23788.7891
15480.8865
746270.3033
685069.1228
689227.1558
5796256.0300
487387.2901
80204.4100
41435380.8122
7608657.1732
705624.7329
702071.5742
1896072.4498
89966917.5536
91163.6754
3227048.1007
6417247.0494
538698.7624
95360.7749
45387.7263
471342.9422
4256.4550
780664.7377
96235526.1002
616044.2837
20566.9932
50559.1972
70689.6974
977975.7280
92009257.8164
28573.6906
3131.2969
492283.5027
457445.3491
49476.8540
50568.4862
88637.8614
67667.1105
80574.4646
8105790.1674
4451889.0258
54833274.4185
76078905.8634
351170.3044
94522774.1163
78847.8726
8246242.8746
1305202.7580
49816349.8780
21170846.3576
6529612.9934
7531.8249
762488.5294
35227470.0700
4030200.6142
16415941.7999
79692092.3263
545733.9796
51964.0323
5824083.5315
8320858.0464
791133.9419
85426.3083
26503915.9359
2855655.8964
39212730.3649
1261637.4974
70243.6088
97779550.9236
897901.9072
317355.6046
1580047.6120
80733.8726
6840858.6546
58198.3363
36045.1846
9945.5871
159440.2358
92613.6747
88411.0276
52394207.3529
511073.8215
21789163.8610
98360.5020
602178.9029
96282845.9659
60553.3640
332201.0804
599401.5637
46485.1879
535199.2036
39135.1687
624824.7860
72706498.3407
8956304.2944
513195.9628
89657312.8645
9449466.5587
352573.6243
4950492.9805
63022560.4116
62679404.6981
733260.7599
262521.8381
12791.5827
802073.1085
78130.1309
10899.8372
27042.4076
981721.1291
291903.6139
113717.1067
93359.6190
35528968.9023
20123973.6544
61531195.1806
9505262.9353
19624128.1247
504730.1282
86661156.7192
6022815.2547
5635668.5409
99863.8771
4892772.5072
10611876.9403
47689094.6317
21097.8363
4408403.6820
61172610.3456
72889607.5901
8576311.7712
853566.8439
10272411.0723
88991.3891
9872343.3448
46923877.0631
85696002.1424
13564.1773
4051919.1192
89651140.8763
61024974.5409
84075.0625
4089635.2832
736960.4193
111573.6230
706048.8549
62002212.0238
98424.5699
523369.3274
89192.8871
8060.6583
8363785.0590
90313.6961
33325476.2297
2761494.4765
27245604.3343
72799.7983
88974360.5436
374209.2143
830582.0933
772487.0086
6626435.5340
2301101.0679
1074.7293
836003.2264
568295.8010
81187625.7741
30493.8995
4713719.9881
16915.7625
124314.2100
65015.0200
8855732.2420
7209061.4792
73350.8922
75557675.2666
44927.7734
76059386.0827
58869.2563
31621504.1820
7391664.7820
28849340.8163
35320.2572
48996614.7567
3653787.5098
3571.1277
3817191.3769
10810902.0471
92099428.8188
4643007.1494
825330.6855
449406.6111
75026.5875
14582228.5194
127464.5065
14245898.3053
36072786.9054
2464079.9366
3069433.9606
433893.8292
40529.5434
79388.2866
865165.2265
83924.9182
814172.7650
73920648.7951
6096617.5702
97595.2427
36846.9710
20257.1532
4283459.1001
18698.4977
14073752.0572
3931399.5621
98529134.0310
991452.8042
2746683.2413
430912.9078
1847.1712
485688.3774
33475.4452
32681.4564
4653841.4660
8787681.8929
34984765.9864
47535.6938
60839.7580
5298797.8761
5406586.9317
910960.8007
5456189.3529
271229.8700
97505.2586
89361154.4484
978801.0899
3678814.1632
42555068.1588
8307356.2773
8392.5632
6057473.4230
16851395.5275
87514105.7639
912.4887
691055.2910
619333.2853
6279065.1274
9401796.2399
319426.0483
8479578.4150
9636799.8411
64332.5093
44639377.9657
131145.7584
23092.1757
522350.1944
94911277.0698
4973684.1242
74753.9093
913519.0879
34317721.9093
60449.1847
7933871.5551
74932097.2907
53402982.8256
92996.9650
8928413.1170
11008685.9536
52621.0727
69265.2922
8883649.6137
44065227.9921
140096.4966
69526231.3526
11606126.0913
889648.3347
54834.3965
521127.1339
3686379.2707
82535418.5221
542137.0798
2465662.4878
527639.3853
53224747.5018
600603.6549
56584.2754
14400.5587
3959632.0642
8349576.1611
20856103.7626
4748208.8091
58005.5619
407108.3713
769205.6338
10829920.5592
5970328.0516
19345.4291
51705.8168
63784293.5390
7157764.6540
9015516.8550
8310360.5436
60370431.7179
983630.0540
1799.8369
167394.8919
218372.4902
51368.4223
9288.9729
305479.3055
5953202.1037
20875.2696
22986564.6854
43788.9824
46653457.3182
79282181.4442
1168387.4151
8375.3119
570563.1396
77484.5301
10654.1770
754407.3896
59456634.3505
376443.4688
9077323.4289
866617.9119
89218.0392
5706.4865
36355.7012
316306.5661
833560.6549
4029135.7269
1925789.1422
59008629.5703
53705.3663
26838.7375
167439.0511
23223.9370
547809.4075
21236044.3399
183764.6478
8645085.1370
40984570.3482
4166286.2893
1289695.0434
18708875.0028
64881278.5022
64988553.3972
30454.3669
323379.4891
2455678.3505
97023180.2972
66043623.4982
9830133.0370
363513.7497
542276.2924
3567.9923
5509.0527
56724.9432
465565.4965
4896816.5152
42209.9083
65681.7802
25680577.5056
282183.8287
22743231.3244
811223.7669
19234261.6393
18609275.4868
47904.9194
8575082.9478
77095.1531
83454.5417
3965698.1140
49042.3549
17753.5929
6185472.7140
93677.3507
329179.1444
4825563.7054
671569.0298
392845.1600
630803.9293
3420552.5661
121850.1309
32058106.2676
64684598.4237
47380.5731
255461.8173
5413585.9024
4097818.5661
145007.0793
683142.5952
1233717.4089
90622.1802
279099.0679
19874489.8187
261068.2645
1687725.7006
1950316.2870
14902.6006
55679.7212
558320.6223
73549.2179
88153.6415
70439.4103
7534232.8611
60704784.5313
445056.8688
207668.9241
6717395.3553
72488570.8611
89837.2028
98607.5270
7116993.0902
36520.1883
3629583.3800
83665.1819
49244.0777
86801.0544
938369.6016
7796817.7043
708103.3743
9294.3223
38022.3264
88045.1018
960336.8734
51727.7910
9918630.5914
24967643.4591
6338745.5371
94537.3532
512757.4046
2753818.4303
33762.6565
56698.9033
67650077.8029
27083.4260
9909161.4217
57509344.8618
8465156.8188
36554688.9287
6120785.6335
70748.1032
69010.1090
23896.5132
5911469.9280
162664.6312
3933355.9160
361756.3559
91005.4695
5133136.1718
22148.9641
868812.5647
349940.8765
4382131.6327
3388738.1269
35659.8610
107256.4492
580839.1379
464660.6412
1525908.8801
1686255.1272
3893040.3313
10307.4722
89654013.6972
4543795.3555
81764.3807
94804.5482
9028624.8006
7205834.9275
20260.1647
2784661.9461
6689774.9313
425502.6225
957261.1561
646078.0445
183288.8220
76176.0356
2175430.7591
92694.6642
78060.7167
719202.1844
20300.5333
5125983.8433
55509345.1524
690716.1624
17849839.9934
51451.4429
20878463.0129
19866.0576
6988007.9101
68103963.8874
446771.0646
73736227.8797
13464365.3769
92645.3009
376254.5014
14773752.2682
81691.6033
59029.2299
20547.9953
13983702.5899
670174.5456
459925.7673
677136.8189
65776740.6949
70856080.5092
12595421.4282
550587.5045
72180031.7495
54920.0982
198578.2301
30131.4465
85726.7604
8066983.1452
21994263.9590
245894.6219
9378309.8326
1399739.8591
29267572.6588
3229407.9077
752619.7826
417972.9003
86833157.2529
7108117.5357
316798.1990
14741752.1764
5617079.8307
180458.4671
72270.5730
528229.4711
69188.6495
13841.6201
242142.3127
7089685.9849
97583.6878
936359.2165
3620237.0826
11290.8653
2439.2664
442165.6708
65640.8307
8094037.5939
697613.2661
514938.8797
44612.4934
188434.9483
391967.1693
7115.2962
5396639.8535
6295940.3723
912237.7805
846470.9894
25898.4865
360513.0645
3118.5999
172337.5195
169267.2257
8216263.4192
671412.2661
55465183.2287
6467874.5411
97272926.8050
7834846.2026
1293789.3796
93457809.3454
75748.3229
7204660.5889
3481.3405
10238.8098
28437966.9023
70042.1288
2937457.7307
578711.7008
39798.8960
97814670.1550
52292.9209
25662.6280
151925.0054
4290781.2579
707883.8260
75835.3763
5869337.7096
76249.7887
17279133.9937
919660.4058
84681.7812
65328.1361
32260777.2644
35374.9283
2355236.8250
18576.0264
97208.9159
32934.4253
991547.2384
641729.2153
1236171.1903
35129426.4714
58672.0370
53401177.4821
2161329.0885
8523451.4695
1283093.7382
545182.6053
7820063.0797
3971701.7527
95717557.4049
737652.2635
1804904.8697
37656921.0612
56743933.0578
2228110.2401
154212.2826
93165.3868
57060.1001
40503.8047
68505507.3786
9176091.2188
578259.6057
85716.6376
643306.4079
72156.6784
2906096.2161
6525837.5576
38785.6405
33603.1608
64138.9818
99857.3602
328056.9920
12506858.8011
1422300.4952
1033369.7655
2720184.9088
3229589.9868
4239426.9659
36493.8233
67534.2219
32434719.2809
560732.1050
57088.2248
66998451.4242
38145642.7019
395983.5162
11203.1414
481791.5104
633072.2112
39830.9572
83054.5872
86207812.2907
513871.6778
63449.0484
3089237.5767
5783133.6688
32485.9933
45936710.1265
78408.4213
4351737.7759
5254597.4358
8393182.2949
706219.0278
73761.7643
56241260.3051
13452.7319
32895377.7881
70156.8050
9888772.5287
93903.9605
64748668.9177
8714676.2128
35312297.7549
9214152.1186
52222.7198
79869877.2563
6595197.3941
648985.2715
9937085.5570
809467.9927
3906691.4933
87365140.1422
58653.3319
8608440.8966
84359493.9776
920838.7114
64105.7470
450835.3346
73538.9209
509767.2460
88486.0790
51697.7363
57297403.2518
389523.3654
78639889.0350
12051113.5520
5790.1035
46833181.8052
253538.8987
1946338.9618
19715335.1164
10766166.7908
6636.9112
684739.0619
91824.5047
95925.3287
348092.5610
4278011.0488
83283345.2299
29293580.3014
23780.5290
9186393.2944
5536948.6131
64829.3847
39067.8924
247936.6780
81195.3713
520060.3024
804054.3947
2386730.9394
351728.2737
58506.2609
53531.6574
8843834.5663
7176047.6588
5546169.1602
302906.2530
3063032.7549
10727.8626
29195.3065
65120.1986
362520.2569
1404.7209
68629.3033
68461.9442
60011810.0209
3895.9056
75105722.4825
588256.8570
10368.6691
60576335.4320
81894667.1576
2404013.3885
63241029.0416
9462320.5182
835509.6637
30020.3114
57498569.7813
814772.5157
1375286.0471
5724953.1923
303998.3891
2594806.0812
159166.1665
9638531.8961
71321.8752
73726.3322
988979.5027
5783508.6749
73498696.9478
484857.5025
38874510.7399
3945687.7436
390341.2248
3417440.1055
93920410.8104
46367.6536
84264.7909
79482.8140
86217253.0012
8559010.1253
910699.4834
352527.6864
71032204.6501
2157357.7513
5884706.9003
8872637.7453
415506.7659
1491181.1331
60294.2010
20525.3504
835240.5435
790701.0737
6656105.9097
942052.0692
34195.8769
37144300.2999
365491.2605
68297.3918
176705.2094
35639890.0330
9826413.8435
13807.9832
882406.3824
4102648.2113
3206433.1003
594739.8265
225988.2756
3632409.7434
4107231.0836
5221723.6842
3907885.8905
31651765.9347
2463979.2859
982596.6318
60186662.8869
1241495.9334
4114743.4113
30990.0592
98723.8163
46405.5608
13755006.2823
8301339.0481
17612857.8889
27068376.3350
32712.9322
15230612.8339
447833.6664
9885225.1684
35986.2956
34299.9249
8614353.4203
458569.8309
90798560.8290
89973866.8016
77307.4518
10014.4507
31754.7204
94552427.0415
563981.2571
14282870.4247
4441399.2146
66860223.7245
3787.6052
62060.5273
3063912.6343
3899094.3794
9277514.4748
21811.0737
808919.3160
97080.8078
99248040.0610
349428.9266
319705.9034
17337.7302
63319558.7871
56805.9808
772982.8266
3928877.9561
770209.5826
14063.6525
333132.1668
9068710.5602
57432.6107
346705.0417
51681.1346
512345.3523
26370.4193
98012304.0882
28288254.7821
34292173.7274
77326827.5185
28997.0584
78839028.7300
19171447.8829
2830444.8883
36753.6552
830612.6051
97357.4059
345088.5540
13162.2067
3547702.7281
4178583.6325
85588.2631
89470782.4126
787843.3188
275959.9673
942138.9709
15559791.5560
52729462.3306
4359212.6163
3615103.0415
9147986.0686
17522.3580
53057.3049
488318.9428
81423309.3570
92697171.3044
805592.4605
20173906.7052
3472074.7713
760194.8923
70700253.9460
932093.1916
92432.6970
74525.0956
7932184.7571
92880032.7541
519361.0536
415707.4718
6764836.4436
62845367.7541
4561950.0902
9887281.0361
28517478.2942
908985.4351
45476697.8783
2213827.2747
7493635.0186
89322.8017
518318.7134
457348.4278
64845330.4234
272411.8826
12707147.0969
984027.7829
12560.0953
822273.9716
679386.1025
33771505.1688
67643470.5616
23902025.7632
94106204.9894
32606.1789
14697504.8382
247681.9897
72521.6754
353250.7827
24898373.4094
21833454.7241
99622034.8688
616335.9228
45043977.8764
96885088.7622
87458179.9044
97904963.4129
