50678012.9082
99933283.5442
11590270.9724
22641679.5185
34149272.1401
47540302.8566
73089375.4376
53998966.9180
92820954.1139
99682967.1413
52568352.3868
75057858.8921
75516274.7330
404875.4083
59464239.3134
11199775.6582
89865323.4386
82904154.0610
69975629.6606
47069048.6156
79814400.3585
12929965.8965
63494452.0431
21650569.2345
54096765.4557
77370591.5291
2082047.8719
87550444.3554
34026327.0556
42200189.1118
80210177.7139
42680920.7821
30210269.0506
62807881.9227
61870071.8790
48424128.2629
83444288.3254
55872559.9152
58988578.8892
12249051.7365
54830068.8527
73444180.7801
53099632.3444
44971179.4150
33766514.6977
35029424.9637
84867182.0131
57130212.4219
86157014.3225
12004179.9349
9087025.3299
58943223.3538
42511062.5373
81774577.0812
27160500.9617
51098130.3845
6099015.9443
10280466.3916
19551814.5130
60788098.6715
1906663.4981
87876835.6198
1386872.9779
66853024.6832
40517116.6767
96405702.4281
47255119.5862
68882220.3582
8346365.3301
61533198.1149
53004023.3574
68272708.8649
9253800.8516
94626950.9956
18595502.9185
64326058.8442
26625966.9497
78253293.9193
49632337.2562
96965893.8994
19119897.4636
50191729.1699
87182339.9028
29057241.4537
49893991.9802
18121210.1698
46055170.2747
85635984.4504
94872966.9676
29428133.3711
19280457.0149
62538927.4625
37251364.0310
70578413.5083
99901183.9476
59753045.2845
94668484.6092
68841482.7658
98536614.5926
65683565.5612
96356372.9549
67128694.7026
18798605.5351
82476237.3790
6293394.7996
7747896.3041
6336952.6134
78393619.7495
1606846.6519
38325250.0058
57158541.1870
89596817.8278
63066648.3422
46808694.1393
33004519.0784
97479574.9374
71454696.1649
12111158.5135
4084303.6025
52367837.4790
73187818.2537
26967379.5406
21388035.4194
62675416.5157
18077819.9059
56808678.6322
73439475.3250
81397968.4089
62981009.7168
15385174.9826
99280820.8514
46417602.1080
40797103.4161
70778281.1189
417057.1930
27228252.4052
58057055.7396
84098279.2692
39517321.1223
43211896.8998
9947328.6718
32094567.2616
42509685.9669
40306398.5173
26470552.1091
11612540.5022
53513553.1330
17715540.6830
40045141.5065
27492996.6646
50701338.8659
13387025.5312
60040903.2416
66936203.4925
54085007.3216
83350233.3886
6667609.5567
59996622.5930
36347613.4245
59604857.7349
12430074.0414
2079281.2141
81751993.1531
47205245.0996
32311723.8265
41429104.8134
48323024.9908
60441639.0706
67457102.7103
32899648.6673
15682489.4663
41545081.9298
63795862.2265
65935808.1457
99765619.0452
2172252.5726
95590615.7258
60933798.8735
60992825.4760
51420139.6652
67769719.1023
40915390.1092
63880125.2097
41892842.1397
49805670.4325
41028238.7420
14481516.4738
40310817.0654
16042438.2172
21627363.4159
35466447.6400
18873509.9745
42638321.1071
89883718.4019
72188201.3238
46121841.3416
34311847.3899
64253481.9107
56709483.7468
78412583.7100
44489821.2003
38288207.1255
7266398.1959
9336091.9850
34900385.8446
59955806.4162
139880.9721
84525843.7395
74746359.7399
98264432.0192
6422868.6933
59081185.7164
44017460.2272
92079502.8731
43330650.9204
95067749.7244
71524236.3635
4582711.8931
70232268.0387
57180478.0744
99003277.0335
45362062.1875
40694473.0391
24262102.1336
44838217.9671
65712125.3831
78973337.5105
19883637.0521
80846647.9212
49575145.0653
18602235.4245
28466112.5997
15589157.3019
36465306.4645
34236259.6979
27878775.6028
30329925.1511
50194589.6173
35463950.3497
44486813.9253
47459523.1548
6218707.4122
65951756.2710
81837642.8442
72862294.9125
44644646.3366
49054097.7284
9536773.0033
62048004.9051
92665647.8359
69322478.4658
55882951.8129
18509870.7634
6313024.2454
74012967.0471
29919709.3020
37759118.5001
87622285.1678
44295145.0739
610860.7148
40194275.8953
78894308.6417
28415595.8004
68050061.0518
98992597.5834
41546492.8886
70379707.5588
47220642.1216
69287352.0901
53082367.9201
98374778.0048
192395.1996
40940084.7027
40570919.3371
36242663.3247
86625491.8586
54509366.1658
34743259.6270
68476157.0375
9645979.1874
4665174.1922
26200197.7298
23121888.0024
71665296.4085
2648817.3282
79685671.8122
96100776.8618
2150009.1652
70550234.6877
3469469.1508
74448422.2583
43335185.0604
80238069.8762
69056218.5196
8008503.7012
14495135.2232
68564281.2606
67444401.4346
91397333.8579
67054291.1406
70772137.7298
14426212.3847
25914381.7309
76535221.5602
64925217.3556
66807396.8393
46735705.5611
18401746.7555
85814446.2841
36372835.0345
70803353.6962
3416117.4431
17207476.7922
36030375.6961
68824319.8547
86669628.7292
49808143.8627
46408257.2938
12082882.2450
4903539.1651
19470996.9261
62332394.0081
30579661.8143
73115489.9300
53583452.5319
95007646.0281
11967684.5452
14799455.0158
32975193.9103
71474680.5833
54796730.4075
66225904.8430
27706345.0357
77217849.9551
12977477.3726
27779892.7077
60117434.1844
41546030.9947
50608381.7873
44316403.1540
8060274.8816
79631606.2809
75480149.0708
89353451.7181
68030862.9316
64938602.9527
90797566.9520
99557746.1479
79208976.0517
50654939.9782
51030742.4898
61222930.1412
78123136.0365
45568278.2585
42128173.9863
48958770.9731
66918415.4865
82884274.2028
32619868.4022
83614316.4719
4167969.1349
4135998.3908
11537388.1072
47460303.0225
34634371.4390
33538581.4271
14149026.4989
69269254.5403
74702233.9348
70300780.2661
20305533.0904
59618616.3777
71111225.0428
52772576.3185
2053347.1804
69558419.3398
15623461.0681
97400640.3012
55872930.2231
69549584.6705
31938017.3521
86808149.9661
17465469.5694
52635068.2238
26050372.1724
97004732.8494
75987100.2818
22045489.1192
97664438.6405
33389493.6446
36253466.8511
19166982.0232
16098955.7752
92201358.1278
28720349.0528
99490643.9347
68346938.8202
76107915.0225
59923662.5642
37414763.8391
19534363.3094
14026140.9672
18465698.4731
66710993.6380
19206027.6220
23910905.5142
38126341.3448
68909445.5853
9142702.5557
97056321.8957
58974514.7891
71844002.0847
68440652.5338
94297973.8647
11880892.5879
52406305.9144
51594494.7366
18623635.4988
78075102.6349
44858746.3482
89244649.6494
48303592.9394
36429915.1292
17614392.4570
65293740.7217
55638039.8218
66553230.6186
1590629.9100
63210030.2854
70609857.3076
31776572.1995
59247408.8892
37737056.6994
4505555.8792
35828342.6906
28197276.5891
5164539.0548
81688486.9535
92475383.5391
25815395.6186
58877343.2741
15200634.7870
54724806.9630
82508089.2241
4137110.8028
12712989.3388
57624354.1890
43060549.8239
82167439.1432
40826396.6068
62883799.8408
57120551.5008
82566759.5190
17530665.0808
17281402.1100
11573877.8717
55411794.0272
6364751.0095
83504604.6331
29975597.2280
8194395.3248
24889323.3310
52572293.7796
75334017.9632
73621145.8548
11703855.8647
36075677.8169
33601663.4126
32955188.9093
7192522.4484
11020697.5853
29138286.7597
23503218.5327
96526671.2817
42003909.2956
5829859.8887
14756772.8196
24511002.8123
40652476.4730
30774117.0084
51638468.6180
68714694.2874
31766343.1964
57356009.8063
49180738.4422
6796592.5446
92166978.6092
89957969.4438
9646497.9308
59675422.8092
34759629.4019
699662.7215
1423221.0743
88241622.7035
33616574.8764
471132.6402
77111760.6563
76494666.3056
92516937.6111
64037847.2879
32148879.2725
65183796.9839
43543544.5697
85483399.5933
85042533.4540
42399435.0743
13607962.5121
18773181.4332
15233960.9722
97213149.6158
40023246.7091
3749395.5394
95390277.6346
90543315.9154
73681709.3304
78880670.7224
88083762.0070
52422180.7133
42421194.9445
50495536.4039
92260151.6590
95970221.2659
44198506.6125
47539792.3677
33358155.5710
67851973.2075
95258200.9062
64046851.7439
97973648.5702
55840325.2866
52951243.4871
66813278.6948
79452907.7353
36721728.0814
59634621.7129
88888250.0853
88056885.8703
80962095.2704
83914068.8102
60547323.3779
87261081.6875
58163426.8906
9366469.1958
77855768.4418
3359040.4182
76855851.2068
17775717.3863
51099414.5193
88259466.5433
15503752.1193
64428694.0282
40577162.5357
90513954.5393
11890304.2565
12695767.7697
99459851.8121
2168246.3108
9253882.7132
29891560.3399
90211185.5525
67757284.5862
4219521.4507
29316141.7841
11904551.5011
89062797.2578
32135595.8539
10289813.2557
32205194.6726
28028086.5824
40254399.7289
99813556.7594
18315214.6715
82047063.9604
67567175.8606
7659336.0288
79601235.6052
52820622.3363
44350922.6441
70628970.2413
90375786.5005
95046752.8724
66450912.7608
20578886.8776
89126617.2078
11641806.0272
43338215.7130
29916426.9562
69397163.5191
99847039.4485
82118819.1398
34956046.8884
31356249.9144
34453338.3511
56855399.7700
53300833.0421
57448181.2067
73039900.2822
19412399.1954
55151240.4841
37356139.6294
74971028.4779
65943966.5557
27692313.3451
67546293.0097
98864479.2320
80734011.9400
22369404.8073
4494540.7043
95853282.9125
85662084.7539
30083593.6486
31896781.9687
68036106.5743
13103113.3342
41564334.8789
57238192.7643
44101078.1873
32799201.9302
86355637.9057
70782010.0234
62237234.0456
90928631.1347
50231892.4086
23325295.8431
32277618.4877
51152792.7847
64231947.2267
71964117.2687
87064849.1323
10733598.8966
11241424.8553
31296318.9822
43333199.4171
42055129.9041
61743249.8004
76821416.8945
80598214.5494
66748857.7408
45226200.9989
37072365.4346
14425172.7241
17750959.4793
31912332.7210
45196920.1485
92135207.8245
40718587.9515
32291902.0291
88231483.6448
31057439.9169
87740044.2227
26595790.5296
17510641.4992
92868237.2090
25077104.7560
63694142.2184
11048165.7702
80763346.2037
10710207.8285
69625676.1522
96567778.4647
138808.1371
9648197.5350
70409558.2389
74642992.2920
61061577.8904
3458408.6062
54427128.8578
60845220.7471
83302508.2646
65398097.6988
32514234.3284
59282470.6826
86314692.2725
47840261.9516
96151761.8008
6178588.8581
55037638.2465
38913382.0631
83047684.6411
41818029.9976
82794661.9047
32312044.8145
71435164.7110
89308624.7118
95640099.8107
66981324.9763
2270769.5495
38890164.9356
31638207.0874
17968721.6381
14510653.0122
71016663.5887
48902482.3062
96099255.6034
49877443.1144
29552798.1146
21673704.4688
96037014.2048
96028656.1522
70787499.1052
81012572.8983
82041647.7775
21838090.4410
46326310.1232
28800775.8045
15538325.2657
65629387.3650
80006259.2387
57347720.9874
14453174.7885
18572509.2553
91929777.5677
2638442.8479
26697301.5310
66802481.8878
39510237.7382
34655876.2553
51253796.4049
39999680.2072
78724624.5413
24625820.7390
96473269.6090
29727298.5865
90561639.3276
74511110.5254
75338872.5554
6083446.4597
6314866.1458
42012101.2098
24106365.8390
53651349.4436
31858160.0128
46306669.0755
52483677.6347
93069458.6889
97242843.7429
66610288.0941
46580290.6493
18469854.7584
50059214.3118
96154669.9994
45100799.8819
44361756.0115
3505655.3372
39736959.7003
74076076.8133
54899421.4146
14128719.6501
4577834.5171
25093401.2235
76094054.8600
47807388.3499
38262024.9658
22009637.2308
71291581.4471
14251027.9507
2237914.7505
58700168.6599
29365351.2674
79903110.0842
4985555.9054
4090199.5161
22222754.3484
14798121.1422
60264615.4401
87196694.0141
73561887.5826
44606345.2649
74249641.2531
85275989.8232
77028046.6560
56378160.6304
11750880.2422
54106478.0111
4084346.1571
30478038.5024
37513440.7365
29763984.5189
40341867.5618
89774000.7910
36549195.2534
16698656.2347
36275289.4042
12511020.6066
1993433.0654
51748486.3721
47694673.8862
41498875.7643
65705152.1222
47976391.3720
52498870.7745
60609217.3691
25051730.7812
91764934.7541
25249995.8834
96088520.5409
19968749.6688
61857668.4144
15265197.4806
20302532.2881
28043484.3369
73069969.6857
50317898.0574
34861057.9314
53427857.2649
80393546.6819
6999036.5244
88931574.5563
43086193.6680
55590466.8331
70360219.7022
91239261.9769
5830541.5714
72014200.1001
24908427.9128
62524917.4892
53855411.6184
3973809.7757
43714.5554
92574786.0027
21234417.7591
89573119.3162
62458311.8735
60320410.5152
49836344.5968
63329674.6680
18267236.7184
28471570.3953
64125317.2951
84897427.7928
46363779.6070
82995580.9887
72642101.1491
88273547.4370
80918321.9241
61673584.1342
4422264.5769
38089157.3505
65421991.1976
86990561.9423
46639371.4972
48677218.9860
86422923.8846
77725334.6580
79095781.3135
43229810.4020
81664520.1525
48160929.1802
6080434.3713
62975023.2354
12973805.7966
60926399.1800
11659443.8035
4496589.1758
54528588.2627
80702101.0719
65856710.0985
69383275.0709
38752330.3358
95100306.5720
63950978.9371
94210021.3045
98786209.7610
3232810.2616
55712948.7755
42097742.5308
26659247.8377
72911080.5802
90411281.6442
82915036.0083
57710203.8550
39895965.1908
61385595.6868
57550696.4233
36693279.6447
7081438.4805
86532685.8006
23078539.4775
1529401.9368
34540918.8540
30009083.3013
95312243.4158
50184592.4549
39027900.9861
2275656.8813
94217278.7000
24889908.2981
79671421.2659
23830396.7407
96052570.6638
1256634.4416
94471034.9139
58204206.9245
49711321.1597
65328598.6379
78287753.6888
27335854.0510
64678351.5374
47842834.7589
40208088.5683
17999442.8078
92969497.4066
2932102.8274
73504902.6852
66801633.9794
26915481.2667
1243440.1174
2042148.4088
42304566.3990
7965331.2365
72018436.5145
37436872.3752
52165617.4493
11653161.0554
9972866.7810
31567790.8715
25433740.8647
15251498.3744
64146158.8834
98690500.6411
81537753.7648
50694663.2280
27996116.5445
82870468.3106
1134040.8825
12227096.6001
73006568.8833
87237022.3048
82902735.6943
83735685.4085
39220534.6985
42800757.0121
28898865.1696
32819201.9704
49019829.6894
92042792.7912
3168401.9757
84750639.4699
30654611.2328
21612879.6553
35525168.1152
92392812.5522
51239704.7324
44235884.1953
55623921.9671
32781640.0786
40582112.7892
14429989.6440
89947002.0006
84505023.5884
60732271.3341
12956678.1164
48632572.9412
61274768.9980
95541141.0541
10804975.0515
9795533.8231
73849550.5617
88442350.5711
308216.8518
38204170.1987
44910971.4519
51357831.5706
46712496.7955
612740.3972
17145287.5028
41167999.8919
59826328.1558
38633458.0440
21900472.2014
8144282.7953
46774411.1372
22867340.1430
26562394.4773
93962097.2749
89863894.5157
78600137.5264
90214819.2679
34943295.5720
4421655.1932
11949852.0164
55111042.4310
90686692.4177
85227478.4849
32882540.0067
14831029.4394
41941554.4079
57986243.9374
61948088.6796
51661970.4774
88327668.5054
55596921.8356
51302704.0912
57599001.7736
78621220.8757
79737298.7834
29022751.4776
42787950.8821
77660424.8275
53015527.4424
